0 -6.139707 -5.227604 3.603415
19947656 -6.326554 -5.074294 3.229720
39896615 -6.618803 -5.812101 1.921789
59848125 -5.540838 -6.856530 1.102535
79803229 -4.050850 -6.870903 1.519349
99762865 -4.726375 -6.248078 2.889562
119727708 -7.783005 -4.475424 4.250194
139698177 -11.472042 -2.980646 5.653944
159674479 -13.532154 -1.049890 8.667457
179656563 -13.110550 0.895239 12.787680
199644167 -13.431543 1.915713 17.200150
219636771 -13.901058 0.133477 17.727156
239633750 -11.400179 1.307261 13.578188
259634271 -9.891027 2.945768 13.587770
279637396 -14.044786 2.514582 18.196669
299642135 -25.394564 2.605610 23.840416
319647500 -33.342762 0.919193 22.566023
339643802 -36.016117 -1.711042 18.982386
359624792 -35.302265 -6.013321 17.032467
379605781 -30.128029 -10.981544 16.783337
399586771 -22.946384 -14.819100 15.523316
419567760 -16.727722 -16.543844 14.066865
439548750 -14.341825 -16.198896 12.926618
459529740 -11.031275 -15.719800 11.307274
479510729 -6.427165 -15.130512 7.551164
499491719 -1.918874 -12.524232 2.271529
519472708 1.372514 -8.049478 0.312027
539453698 4.108150 -5.218022 -0.157486
559434688 2.546298 -3.354340 -0.377870
579415677 -4.458081 1.264142 -0.353916
599396667 -11.428925 4.713632 -0.368289
619377656 -10.796518 4.200999 -0.358707
639358646 -2.302150 1.091668 -1.091723
659339635 2.876874 -0.733687 -0.856966
679320625 4.146478 -0.297710 -0.904876
699301615 4.012331 0.320324 -1.455836
719282604 4.625574 1.129996 -1.355226
739263594 3.619473 2.078605 -1.101305
759244583 2.713982 2.754130 -0.900085
779225573 2.512761 4.450129 -2.337372
799206563 2.076784 5.106490 -2.318208
819187552 1.559361 5.590377 -1.987632
839168542 2.201349 6.280275 -3.262027
859149531 2.536716 7.616952 -4.110026
879130521 1.933056 8.321222 -3.683631
899111510 1.655180 7.933155 -2.495473
919092500 0.524514 8.239776 -1.465418
939073490 -0.630107 9.059030 -0.569509
959054479 -0.433677 9.102148 -0.382661
979035469 0.773644 8.484115 -0.775520
999016458 1.923474 8.191867 -1.647474
1018997448 2.378614 8.594307 -2.418818
1038978438 1.473124 9.380024 -2.830840
1058959427 0.960491 9.485425 -3.027270
1078940417 1.305440 9.217132 -2.845213
1098921406 0.960491 9.672273 -2.835631
1118902396 -0.639688 10.280724 -2.500264
1138883385 -1.526016 10.285515 -1.704966
1158864375 -1.612253 9.816001 -0.976740
1178845365 -1.640998 10.256769 -0.775520
1198826354 -1.827846 11.076023 -1.082141
1218807344 -1.597880 11.008949 -1.604355
1238788333 -0.491169 10.232814 -2.322999
1258769323 0.486186 9.509379 -2.677530
1278750313 0.169983 9.792047 -2.768558
1298731302 -0.984637 10.314260 -2.390072
1318712292 -1.037338 10.151368 -1.422299
1338693281 -1.032547 9.959730 -0.464108
1358674271 -1.291259 10.151368 -0.085622
1378655260 -0.721135 10.079504 -0.588673
1398636250 -0.083937 9.792047 -1.877440
1418617240 -0.040819 9.691436 -2.538592
1438598229 0.246639 9.566872 -2.342163
1458579219 -0.050401 9.624363 -1.992423
1478560208 -0.323485 9.590826 -1.613937
1498541198 -0.275576 9.571662 -1.393553
1518522188 -0.515124 9.672273 -1.345644
1538503177 -0.275576 9.576453 -1.494163
1558484167 -0.208502 9.744137 -1.752875
1578465156 -0.376186 9.816001 -1.949304
1598446146 -0.371395 9.988476 -1.982841
1618427135 -0.491169 9.892656 -1.671429
1638408125 -0.500751 9.940566 -1.681011
1658389115 -0.299530 9.969312 -1.795994
1678370104 0.050209 9.739346 -1.839112
1698351094 0.380785 9.633945 -1.340853
1718332083 0.356831 9.590826 -0.856966
1738313073 0.270593 9.667481 -0.713237
1758294063 0.261011 9.859119 -0.555136
1778275052 -0.002491 10.089086 -0.248515
1798256042 -0.424095 10.113040 -0.387452
1818237031 -0.548660 10.352589 -0.818638
1838218021 -0.879236 10.381334 -1.225870
1858199010 -1.032547 10.065131 -1.532491
1878180000 -0.706762 9.648317 -1.465418
1898160990 -0.467214 9.590826 -1.288152
1918141979 -0.678016 9.696227 -1.479791
1938122969 -0.366604 9.667481 -1.834321
1958103958 0.078955 9.442307 -1.930141
1978084948 0.208311 9.485425 -1.681011
