0 -0.948104 2.116474 10.132261
69978000 -1.810017 2.221819 10.409989
139981000 -4.299986 2.499547 11.281479
212658000 -6.607996 2.030283 11.951855
279910000 -9.490616 0.162806 12.909535
350636000 -10.477027 -1.810017 13.024457
422037000 -7.536947 -8.015787 13.924677
492102000 -0.612916 -12.009315 12.832921
562339000 4.175488 -10.496181 13.139379
632139000 8.236053 -5.621585 11.808203
701231000 9.969456 -2.375048 11.156980
772344000 10.448297 2.987964 12.478580
842338000 8.714894 4.424485 12.660539
912044000 5.391742 4.481946 10.678140
981228000 2.327164 4.501099 9.653421
1052375000 1.446098 4.443638 9.394848
1122275000 0.890643 4.022259 9.203311
1192130000 0.450110 3.811569 8.877700
1261274000 0.421380 3.706224 8.513782
1331237000 0.335188 3.581726 8.647857
1402662000 0.210690 3.629610 8.906430
1471920000 0.258574 4.022259 8.858546
1542352000 -0.076614 4.280833 8.772355
1612031000 0.143652 4.165911 8.935161
1682357000 0.421380 4.089296 8.686164
1751892000 0.450110 4.108450 8.877700
1821641000 0.344765 4.165911 9.050082
1892649000 0.220267 4.175488 8.983045
1962264000 0.172383 4.185065 8.848969
