0 0.632069 2.365471 9.528923
199904000 0.823605 2.442086 9.433155
269929000 6.732495 0.632069 11.204864
341932000 8.418014 -0.162806 12.124237
412297000 9.519346 -2.987964 13.733141
482315000 7.680599 -7.613562 12.469003
552316000 4.797980 -10.266336 11.999739
620276000 -1.283292 -12.603078 10.065224
691423000 -3.581726 -11.549629 9.107543
762346000 -7.182605 -7.115568 11.396400
831979000 -9.586384 -3.581726 14.250289
902389000 -9.414001 -2.116474 14.317327
972748000 -7.412448 0.172383 14.164097
1042442000 -4.501099 1.331176 12.028469
1112094000 -1.637634 1.398214 10.189722
1181279000 0.076614 0.995988 9.442732
1252430000 0.507571 0.919373 9.299079
1322446000 0.746991 1.101333 9.375694
1392149000 0.335188 1.302446 9.567230
1460790000 -0.287304 1.503559 9.509769
1532416000 -0.555455 1.714248 9.471462
1601521000 -0.517148 1.666364 9.548077
1672258000 -0.220267 1.647211 9.624691
1742755000 -0.201113 1.742979 9.586384
1811504000 -0.162806 1.589750 9.653421
1882338000 -0.421380 1.608904 9.768343
