0 0.689530 1.896208 9.653421
70916000 0.737414 1.857901 9.749189
140014000 0.670376 1.829170 9.864111
211319000 0.995988 1.848324 9.844957
280022000 2.442086 1.244985 9.892841
352090000 5.315128 -0.124498 11.070788
422444000 7.613562 -1.177947 12.459426
491501000 10.247183 -2.815581 12.229582
561858000 10.323798 -8.858546 12.536040
632034000 3.955221 -15.322891 14.336480
701741000 -4.261679 -14.154520 12.430696
773203000 -7.364564 -11.856087 11.693281
841050000 -11.147403 -6.378153 12.363658
1042830000 -5.133168 1.685518 12.229582
1243810000 -4.022259 1.704672 11.798626
1443059000 -2.260126 1.742979 10.754754
1642316000 -0.469264 1.685518 9.854534
1842317000 -0.095768 1.580173 9.672575
