0 0.756568 0.852336 10.103531
69762000 0.670376 1.072602 9.519346
139455000 0.593762 1.005565 9.423578
210306000 0.469264 1.015141 9.605537
279756000 0.239420 1.139640 9.749189
351121000 0.392649 1.379060 9.758766
421776000 0.335188 1.168370 9.969456
492133000 -4.884171 0.881066 12.717999
561582000 -13.915100 0.756568 14.499286
631231000 -15.533581 -3.715801 13.771448
702018000 -12.995727 -7.766790 12.938266
771757000 -6.406884 -14.537593 12.813767
842135000 -4.788404 -15.993267 13.321339
911142000 -0.019154 -18.339584 12.267890
981996000 10.917560 -14.202404 8.944737
1051717000 12.804191 -7.690176 8.599973
1120892000 9.864111 1.321599 14.901511
1192145000 6.387730 2.892196 15.591042
1262160000 4.874595 1.896208 11.233594
1331258000 1.225831 2.183512 9.988609
1401452000 0.459687 2.126051 9.902418
1469304000 0.181959 1.704672 9.768343
1542099000 0.095768 1.647211 9.634268
1611691000 -0.248997 1.877054 9.433155
1682126000 -0.210690 1.762132 9.682152
1751227000 -0.268151 1.790863 9.691729
1821180000 -0.574608 2.135628 9.730036
1891804000 -0.239420 2.126051 9.509769
1960919000 0.095768 1.982399 9.289502
