0 0.191536 1.015141 9.777920
201791000 4.903325 0.316035 10.228029
269877000 9.318233 -2.260126 11.999739
342315000 12.593501 -5.813122 11.760319
411976000 15.418659 -9.701305 11.195287
481876000 9.595961 -16.960526 14.786590
551740000 -1.781286 -15.476120 16.519991
622886000 -7.144298 -8.734048 15.207970
689709000 -7.718906 -5.343858 12.478580
760049000 -4.606444 -0.632069 11.674128
829993000 -1.379060 2.164358 11.128249
901459000 0.814029 3.131616 11.099519
969989000 1.158794 3.007117 10.524911
1041816000 1.120486 2.403779 10.093954
1111155000 0.842759 2.231396 10.055647
1182396000 0.593762 2.145205 9.528923
1252412000 0.948104 2.078167 9.500193
1322174000 1.283292 1.972822 9.653421
1391152000 1.091756 2.059013 9.490616
1462362000 0.814029 2.030283 9.528923
1532409000 0.593762 2.020706 9.222465
1602436000 0.909797 1.982399 9.586384
1671152000 1.015141 1.877054 9.433155
1742390000 0.383072 1.819593 9.538500
1811715000 0.000000 1.781286 9.739613
1882468000 -0.009577 1.465251 10.055647
