0 1.005565 2.164358 9.279925
70170000 1.283292 2.327164 9.672575
141789000 2.126051 2.212242 10.074800
210153000 4.960786 1.877054 11.741165
282215000 8.389283 1.168370 12.966996
352566000 9.299079 0.105345 11.492168
421476000 10.199299 -2.671929 9.701305
492354000 8.159439 -8.781932 11.281479
561958000 -0.794875 -8.312668 11.243171
632882000 -3.256114 -7.508216 11.185710
701410000 -3.811569 -5.880159 11.386824
772562000 -4.587290 -3.055001 11.549629
841617000 -4.462792 -0.363919 11.492168
912416000 -4.501099 1.944092 11.520899
982087000 -2.547431 2.365471 11.530476
1052648000 -1.656788 1.963245 11.271901
1121559000 -0.478840 1.417367 10.007763
1192413000 -0.727837 1.810017 9.117120
1262084000 -0.392649 1.608904 8.925584
1332518000 -0.737414 1.896208 9.366117
1401613000 -1.101333 2.106898 9.327810
1472417000 -1.407791 2.231396 9.423578
1542163000 -1.331176 2.154782 9.701305
1612090000 -1.197101 2.097321 9.528923
1682325000 -0.823605 2.135628 9.595961
1752550000 -0.833182 2.145205 9.643845
1821787000 -0.938527 2.068590 9.739613
1892301000 -0.325611 2.087744 9.931149
