0 -8.552089 1.082179 5.104438
72342000 -8.772355 1.685518 5.477933
139987000 -8.025364 4.472369 5.861006
211467000 -7.192182 9.720459 5.449203
279717000 -6.359000 12.641385 4.520253
349554000 -6.895301 12.650962 3.189077
422525000 -7.766790 9.346964 1.503559
622661000 -12.028469 -8.398860 6.655881
821713000 -10.927136 -5.592855 5.123591
1022949000 -9.653421 1.187524 3.409343
1224629000 -9.270349 2.633622 3.236961
1421142000 -8.820239 3.552995 2.825158
1623018000 -7.824251 3.256114 2.308010
1822198000 -8.121132 3.581726 2.135628
