0 -8.073248 3.658340 3.648763
70934000 -7.939173 3.667917 3.849876
140133000 -7.987057 3.677494 4.089296
212133000 -7.910442 3.284845 4.050989
282523000 -8.389283 1.120486 3.955221
352483000 -9.002198 -2.624045 4.194642
422272000 -12.066776 -10.074800 4.462792
491275000 -6.943185 -2.557007 1.120486
562158000 -2.633622 9.184157 4.012682
632218000 -10.601525 13.579912 10.764331
702034000 -10.658986 12.708423 9.624691
772496000 -9.069236 6.148310 7.096414
841823000 -6.636727 1.522712 4.079720
912280000 -6.933608 1.934515 3.897760
982030000 -7.920019 2.652776 5.363012
1052495000 -7.967903 2.614468 6.301539
1121622000 -7.450756 2.470816 5.755661
1192347000 -7.728483 2.375048 5.171476
1262060000 -7.546524 2.173935 5.391742
1332540000 -7.661446 2.212242 5.516241
1401593000 -8.101978 2.183512 5.458780
1472427000 -8.111555 1.886631 5.171476
1542100000 -7.843405 1.714248 5.142745
1610097000 -8.188169 1.867477 5.114015
1679766000 -8.274361 1.810017 5.353435
1750114000 -8.063671 1.752556 5.315128
1821709000 -7.910442 1.819593 4.711789
1889856000 -8.169016 1.685518 5.075707
