0 -8.552089 1.781286 4.721366
69806000 -8.341399 1.656788 4.874595
140011000 -8.379706 1.350330 4.989516
212462000 -8.092402 1.589750 4.845864
280015000 -7.690176 4.242526 4.855441
351969000 -7.479486 7.642292 5.928043
422423000 -6.435614 15.313314 6.387730
491220000 -5.190629 9.615114 5.008670
562375000 -12.210428 -9.576807 1.465251
631377000 -11.712435 -9.021352 7.776367
702068000 -9.260772 -6.349423 6.110003
771354000 -7.852982 -2.403779 1.379060
841240000 -7.575254 -1.235408 2.250550
1041391000 -8.513782 0.354342 2.997540
1242348000 -8.504205 0.402226 3.102885
1442663000 -8.992621 0.229843 3.706224
1642867000 -9.088389 0.153229 3.696647
1841484000 -9.021352 0.181959 3.859453
