0 -7.690176 2.317587 5.286397
202486000 -6.138733 6.100426 5.181053
403019000 -7.517793 0.919373 5.535394
602857000 -8.820239 -3.323152 5.861006
801266000 -8.868123 0.823605 3.782839
871251000 -8.925584 0.766145 4.089296
942930000 -8.599973 0.660800 4.386178
1010841000 -8.714894 0.708684 4.405331
1082428000 -8.695741 0.775721 4.146757
1152400000 -8.475474 0.785298 3.830723
1222158000 -8.446744 0.651223 4.309563
1291907000 -8.667010 0.660800 4.386178
1361348000 -8.772355 0.670376 4.683059
1432813000 -8.954314 0.766145 4.529830
1501977000 -8.820239 1.024718 3.715801
1572409000 -8.801085 0.861913 4.242526
1641464000 -8.724471 0.804452 4.252102
1711503000 -8.829816 0.928950 3.926491
1782160000 -8.868123 0.948104 3.945644
1852759000 -8.743625 1.034295 3.495534
