0 -9.251195 0.794875 4.232949
69982000 -9.567230 -0.325611 3.869030
140077000 -10.409989 -4.826711 4.338294
210255000 -7.240066 -9.528923 3.495534
283050000 -6.924031 -6.426037 8.504205
352124000 -7.230489 -1.637634 5.937620
422491000 -6.435614 7.489063 8.829816
492118000 -4.769250 9.835381 15.188815
562491000 -4.309563 6.033388 11.425131
632492000 -3.418920 0.383072 7.891289
702185000 -4.146757 -0.785298 7.287950
772158000 -4.922479 -0.095768 7.297527
842217000 -6.110003 0.861913 7.690176
912536000 -5.774815 0.718261 8.063671
982189000 -5.659893 0.191536 7.996634
1051286000 -6.483498 0.450110 7.584831
1122514000 -6.560112 0.737414 7.192182
1192489000 -5.889736 0.814029 7.096414
1262090000 -4.941632 0.344765 8.044518
1331293000 -5.295974 0.000000 8.695741
1401655000 -5.793968 0.344765 8.149862
1472166000 -5.679047 0.565032 7.757214
1542037000 -5.152322 0.794875 7.623138
1612553000 -5.267244 0.842759 8.130709
1681595000 -5.650316 0.718261 8.542512
1752346000 -5.870583 0.785298 7.929596
1822040000 -5.832275 0.804452 7.738060
1892495000 -6.100426 0.928950 7.297527
1961538000 -6.435614 0.986411 7.287950
