0 2.825158 8.676587 -3.849876
70014000 2.930503 8.734048 -3.734955
142132000 2.748544 8.810662 -3.581726
210043000 2.758120 8.762778 -3.552995
282110000 3.361459 8.408437 -3.505111
352933000 6.876147 6.052542 -4.932055
421968000 10.678140 -0.210690 -4.290410
492437000 10.103531 -10.735600 -0.976834
561502000 6.789956 -15.476120 3.801992
631406000 -5.238513 -18.713081 3.361459
701925000 -16.108189 -19.421764 3.064578
771194000 -18.856733 -19.574993 7.987057
842440000 -18.923771 -16.625336 6.186617
912412000 -14.030022 -10.802638 4.309563
982104000 -9.260772 -9.203311 2.509123
1051193000 -2.375048 -8.992621 1.225831
1122407000 -1.723825 -9.682152 0.766145
1192377000 -2.298434 -9.519346 -0.478840
1262108000 -2.183512 -9.969456 -0.938527
1331945000 -1.532289 -10.256760 -0.852336
1401461000 -0.833182 -10.026917 -1.379060
1472085000 -1.331176 -9.873688 -0.986411
1541852000 -2.193089 -9.720459 -0.526724
1612473000 -2.978387 -9.452309 -0.248997
1681427000 -3.217807 -9.394848 -0.162806
1752268000 -3.208230 -9.500193 -0.067038
1821767000 -3.055001 -9.404425 -0.316035
1891193000 -2.911349 -9.461885 -0.143652
