0 4.855441 8.350976 -2.173935
201424000 5.066131 8.207323 -2.126051
401830000 6.943185 -2.585738 -0.612916
602843000 -2.547431 -11.674128 0.153229
802851000 -11.654974 -15.112201 -0.986411
1001581000 -12.296620 -13.848063 -0.660800
1072071000 -1.513135 -10.093954 0.536301
1141773000 -1.455675 -9.739613 0.584185
1211442000 -1.379060 -9.557653 0.545878
1282162000 -1.063026 -9.777920 0.900220
1352447000 -1.283292 -9.883265 0.699107
1422094000 -1.800440 -9.844957 1.034295
1491198000 -1.857901 -9.433155 0.775721
1562403000 -2.202666 -9.538500 0.306458
1632505000 -2.595315 -9.557653 0.124498
1701985000 -2.920926 -9.538500 0.268151
1771821000 -3.428497 -9.308656 0.507571
1842947000 -2.863465 -9.509769 0.296881
