0 -7.173028 -4.702212 3.916914
70030000 -7.058106 -4.797980 3.897760
140149000 -7.134721 -4.912902 3.907337
212388000 -6.789956 -5.094861 3.763685
280138000 -7.105990 -4.979939 3.342306
353146000 -10.630256 -2.049437 5.430049
421331000 -14.757859 0.746991 7.565677
492525000 -18.559851 -0.842759 10.927136
562530000 -19.393034 -13.081918 13.043611
632186000 -18.693928 -18.195932 11.769896
701280000 -3.773262 -19.096153 4.079720
772540000 2.853889 -17.697939 1.666364
841989000 7.603985 -9.662998 -2.652776
912178000 9.471462 -1.292869 -6.110003
981271000 8.906430 3.629610 -6.397307
1052487000 7.479486 6.435614 -5.746084
1122479000 6.330269 7.316680 -5.142745
1192169000 4.989516 7.852982 -3.725378
1261272000 4.797980 8.207323 -2.853889
1332052000 3.955221 8.667010 -2.451663
1402146000 3.936068 8.619126 -2.566584
1472259000 3.955221 8.513782 -2.604892
1541276000 4.022259 8.475474 -2.796427
1612479000 3.869030 8.609550 -2.671929
1682527000 3.773262 8.686164 -2.834735
1752178000 3.275268 8.839393 -2.537854
1821272000 2.959233 8.896853 -2.442086
1892506000 2.604892 9.002198 -2.796427
