0 -3.955221 -8.877700 1.695095
73065000 -3.754108 -8.868123 1.963245
140316000 -4.204218 -8.561666 2.327164
212290000 -6.042965 -7.307104 3.945644
280279000 -8.772355 -5.908890 4.845864
352244000 -16.558298 -5.439626 7.058106
422381000 -18.952501 -13.522451 7.958326
492139000 -19.469648 -18.291700 10.639832
562643000 -12.124237 -19.325996 7.881712
631772000 -1.877054 -18.607735 2.844312
702555000 6.876147 -11.453861 -0.210690
772143000 7.134721 -3.016694 -0.737414
842668000 6.991069 3.840300 -3.361459
911769000 3.466804 7.412448 -4.635174
981767000 1.369483 8.398860 -4.625597
1052423000 1.149217 8.753201 -3.275268
1123017000 1.177947 9.078813 -3.083732
1191774000 1.503559 9.174581 -3.093309
1262559000 1.398214 9.423578 -2.633622
1332235000 1.292869 9.471462 -2.116474
1402741000 1.273715 9.538500 -1.704672
1472143000 1.426944 9.548077 -1.685518
1542668000 1.379060 9.605537 -1.896208
1611800000 1.436521 9.481039 -1.455675
1682698000 1.235408 9.500193 -1.350330
1752226000 1.053449 9.519346 -1.685518
1821454000 1.273715 9.481039 -1.924938
1892176000 1.522712 9.327810 -1.838747
