0 -4.223372 -8.992621 2.317587
70070000 -4.108450 -8.590396 1.810017
139500000 -4.003105 -8.743625 2.116474
212102000 -4.232949 -8.781932 2.528277
280077000 -4.759673 -8.829816 3.399766
352162000 -6.837840 -8.647857 4.711789
422492000 -10.821792 -8.188169 7.249643
491538000 -17.132908 -7.843405 15.907076
562327000 -19.077000 -12.966996 18.789696
632001000 -18.119318 -16.002844 19.230228
702435000 -11.310209 -15.524004 18.023550
771533000 -7.048530 -14.211981 10.065224
842326000 2.442086 -10.927136 1.321599
912001000 7.211336 -6.349423 -2.078167
982435000 11.281479 -2.365471 -5.248090
1051532000 11.865664 -0.679953 -5.276821
1122316000 10.103531 2.384625 -4.683059
1192045000 8.015787 4.548983 -4.472369
1262433000 6.167464 6.205771 -4.070143
1332519000 5.525817 6.933608 -3.639187
1402476000 5.535394 6.895301 -3.371036
1472144000 6.253655 6.426037 -3.026271
1541331000 6.895301 6.387730 -3.399766
1612447000 6.272809 6.924031 -3.955221
1682415000 5.707777 7.125144 -4.165911
1752147000 5.621585 6.971915 -4.003105
1821233000 5.947197 6.665458 -4.108450
1890476000 6.378153 6.675035 -4.280833
1962412000 5.956774 7.000646 -4.194642
