0 2.729390 9.222465 -2.011129
70033000 2.959233 9.165004 -2.020706
142239000 3.754108 7.977480 -1.484405
209986000 10.342952 1.493982 -3.150769
282007000 9.174581 -7.785944 -0.076614
352076000 5.803545 -10.821792 0.727837
421722000 -2.260126 -17.085024 0.881066
491986000 -15.236700 -19.067423 1.417367
562392000 -18.665197 -19.498379 7.632715
632116000 -19.412188 -16.615759 5.755661
702394000 -17.860744 -10.218452 3.572149
771900000 -13.254301 -8.609550 3.371036
842395000 -5.401319 -6.732495 0.957681
911490000 -4.932055 -8.245630 1.704672
982284000 -3.466804 -9.308656 0.258574
1051259000 -3.208230 -9.414001 -0.574608
1122422000 -3.294421 -9.576807 -0.727837
1191484000 -3.361459 -9.816227 -0.067038
1262280000 -2.528277 -9.595961 -0.076614
1331955000 -2.815581 -9.662998 0.651223
1402169000 -3.773262 -9.050082 0.459687
1471057000 -3.974375 -8.954314 0.287304
1542577000 -4.031836 -9.069236 0.114922
1611400000 -4.079720 -9.107543 0.277727
1682263000 -3.983952 -9.040505 0.057461
1752685000 -4.003105 -9.136273 0.277727
1822481000 -3.849876 -9.222465 0.440533
1892121000 -3.581726 -9.232041 0.488417
