0 -1.054106 1.353733 9.471379
200110156 -0.935770 2.894505 8.782200
360145521 -0.634897 7.188161 10.514370
380155781 -0.651666 7.806194 9.903523
400166406 -0.055192 8.939256 11.151567
420177396 0.589192 10.613695 12.988900
440188542 1.353350 12.383953 13.911160
460199375 1.571338 12.393536 13.108674
480209584 -2.352456 9.018307 8.724948
500219844 -9.658665 5.758060 1.354061
520230313 -14.883204 0.514358 0.333587
540241146 -9.605965 -14.581948 8.281784
560252344 2.903224 -31.177822 15.259813
580263594 12.422855 -25.673014 32.306038
600274531 10.468145 -13.789044 26.082584
620284011 5.598138 -5.416847 12.315771
640293229 -3.653200 -2.341053 4.350804
660302813 -12.561985 0.162222 0.709677
680312813 -13.515386 2.629565 0.807891
700323386 -9.237062 3.216457 0.379101
720334636 -4.929990 3.151779 2.764997
740346667 -1.729631 1.072504 7.428994
760359271 0.479000 -1.897889 11.841465
780372136 1.200039 -3.656171 13.197307
800385052 0.452650 -2.427290 11.731274
820397344 -1.317609 -0.261777 8.895027
840409323 -2.984862 1.367148 7.163096
860421302 -4.594624 2.988887 6.434871
880433229 -5.282126 3.824909 6.513921
900444375 -5.121629 3.494333 7.345152
920455573 -4.750329 2.461882 8.334485
940466979 -3.904726 1.616278 8.839931
960478594 -2.208727 1.470154 9.295072
980490417 -1.585902 1.170719 9.331004
1000502448 -1.858987 1.082086 8.509356
1020514531 -2.261427 1.410267 8.126079
1040525938 -3.114218 1.966017 8.583614
1060535209 -4.127505 2.509791 8.590801
1080544531 -4.489223 3.036797 8.562056
1100554063 -4.307166 3.273949 8.437490
1120563802 -3.442398 2.552910 8.562056
1140573750 -2.872274 1.994763 8.672248
1160583906 -2.498580 1.553995 8.602778
1180594427 -2.263823 1.594718 8.741716
1200605313 -2.505766 1.719283 8.904610
1220616406 -2.987257 1.894153 9.285490
1240627709 -3.425630 1.980391 9.941851
1260639219 -3.727460 2.167238 9.838846
1280650781 -4.014917 2.440322 9.307049
1300661302 -3.607686 2.924209 7.508045
1320671823 -2.508162 3.192502 6.880429
1340682344 -2.074580 2.790062 7.721242
1360693021 -2.352456 2.140887 9.038755
1380704063 -2.733337 1.934876 9.369331
1400715521 -3.056726 2.059441 9.326214
1420727396 -3.475935 2.459486 9.405264
1440739531 -3.713088 2.780480 9.537016
1460751719 -3.629246 2.730175 9.472338
1480762865 -3.392093 2.562492 9.254349
1500773594 -3.044749 2.548119 8.873468
1520783386 -2.232682 2.145679 8.957310
1540792813 -1.820659 1.966018 8.758485
1560802656 -3.095054 2.409181 9.067501
1580813125 -3.059122 2.792458 8.530914
1600824063 -2.637517 3.125429 8.379999
1620835417 -3.104636 3.223644 8.178779
1640847031 -3.229201 3.192502 8.430304
1660858854 -3.198060 2.933791 8.940541
1680870729 -2.948930 2.557701 9.661580
1700882084 -2.637517 2.253475 10.052043
1720891979 -2.575235 1.939667 9.908315
1740901459 -2.465043 1.659396 9.290281
1760910990 -2.328501 1.910922 8.720158
1780920886 -2.474625 2.471464 8.274598
1800931250 -2.874670 2.849949 7.944022
1820942240 -3.370534 2.739757 8.181174
1840953854 -3.559777 2.298989 8.432699
1860966094 -3.233992 2.406785 9.017197
1880978750 -2.771664 2.298989 9.261536
1900991563 -2.584817 2.097769 9.283094
1921002604 -2.292569 1.867803 9.254349
1941013438 -2.345269 1.954040 8.998034
1961024271 -2.529721 2.160051 9.017197
1981035104 -2.853111 2.298989 8.806395
2001045990 -2.862693 2.287012 9.014801
2021057240 -3.190873 2.516978 8.564451
2041069063 -3.329811 3.010446 8.593197
2061081459 -3.138173 2.763712 7.836226
2081094115 -2.984862 1.973204 8.542892
