0 -3.502285 2.931396 7.349943
20012083 -4.395799 2.948164 7.860180
40024583 -4.192183 2.047464 8.686621
60037500 -3.478331 0.813792 9.299864
80050625 -2.728546 -1.334952 9.666371
100062812 -2.357246 -3.993933 9.841241
120074166 -4.134692 -6.255264 7.833830
140085520 -6.542148 -9.664030 5.095798
160097031 -3.684341 -18.953697 11.527658
180108750 -0.330672 -22.994869 16.824060
200120677 -2.460252 -12.260729 17.509167
220132812 -12.923702 -1.667923 11.779183
240145156 -8.899299 1.992368 5.100589
260157708 4.359675 3.911146 1.682241
280170416 6.218567 6.225179 0.168299
300183125 0.505350 12.884609 2.015213
320195156 -1.154716 15.778347 8.459050
340206823 -2.271009 16.305351 12.938595
360218489 -2.642309 16.865894 13.968651
380230156 -2.929766 16.360449 16.344965
400241823 0.550864 12.151592 16.939043
420253489 5.902364 6.409631 15.051407
440265312 7.296532 3.745858 12.490641
460277343 4.568082 4.069248 10.804224
480289583 3.413461 2.835576 9.302258
500302031 2.103135 1.731261 7.678124
520314635 0.256221 1.841453 5.986916
540325781 -0.086333 1.122809 5.210781
560335989 0.174774 -0.223450 7.302034
580346354 -0.323485 -0.700150 9.719071
600356927 -1.633812 -0.355201 10.995862
620367708 -2.314128 0.107126 10.952744
640378698 -2.285382 0.131081 11.235410
660389843 -2.304546 0.916798 10.988676
680400989 -2.098535 1.393498 9.663976
700411770 -1.847010 1.764797 8.418327
720422083 -1.669744 2.160051 8.140451
740432448 -1.439778 2.207961 7.855390
760443177 -1.281677 1.906131 8.099729
780454323 -1.195439 1.915713 8.648293
800465833 -1.159507 1.966018 8.923773
820477500 -1.238558 2.076210 9.326214
840487812 -1.470919 1.872594 9.759794
860497812 -1.466129 1.383916 10.581444
880507500 -1.147530 1.010222 11.132404
900517187 -1.025360 1.568368 10.497602
920526875 -1.264908 2.370853 9.556179
940536562 -1.125971 2.718198 8.614756
960546302 -1.082852 2.593633 8.533310
980556250 -1.128366 2.346899 9.043547
1000566562 -1.092434 2.188797 9.297467
1020577291 -1.070875 2.172029 8.866282
1040588437 -1.176276 2.083396 8.650688
1060599843 -1.444569 1.851035 9.141762
1080611302 -1.650580 1.841453 9.517851
1100621927 -1.686513 1.501295 9.630439
1120632552 -1.866174 1.671374 10.090371
1140643073 -2.144049 1.966018 9.731049
1160652656 -1.940433 1.855826 9.508269
1180662239 -1.863778 1.637837 9.441196
1200671823 -2.105721 1.508481 9.606484
1220681458 -2.153631 1.383916 9.520247
1240691354 -2.208727 1.429430 9.148948
1260701666 -2.168004 1.489317 8.799208
1280712395 -2.199145 1.412662 8.974077
1300723489 -2.330896 1.393498 9.319027
1320734739 -2.383597 1.386312 9.319027
1340745729 -2.409947 1.628255 9.124992
1360755885 -2.263823 1.642628 9.220812
1380765885 -2.110512 1.477340 9.417241
1400775885 -2.136863 1.357566 9.572948
1420786041 -2.407552 1.434221 9.469942
1440796562 -2.666263 1.448594 9.740631
1460807500 -2.881856 1.891758 8.672247
1480818698 -2.536907 2.172029 7.508045
1500829948 -2.172795 2.128910 7.232565
1520840364 -2.268614 1.882176 8.514146
1540850781 -2.524930 1.757611 9.747817
1560861354 -2.498580 1.474944 10.265242
1580871979 -2.287778 1.213837 9.922688
1600882604 -1.988343 1.110832 9.819682
1620893229 -1.880546 1.216233 9.889151
1640903906 -1.947620 0.991058 10.159840
1660914791 -2.160817 0.775465 10.224518
1680925885 -2.304546 1.206651 9.812495
1700937187 -2.225495 1.525249 9.388496
1720948645 -2.064998 1.467758 9.043547
1740960104 -2.031461 1.350380 8.861490
1760971562 -2.144049 1.486922 8.942936
1780981562 -2.323710 1.695328 9.196857
1800990833 -2.311732 1.678560 9.105829
1821000104 -2.191958 1.551600 9.115412
1841009583 -2.211122 1.506086 9.160925
1861019479 -2.227890 1.302470 9.489105
1881029791 -2.199145 1.175510 9.620857
1901040520 -2.249450 1.297679 9.551388
