0 -5.804340 4.153090 -6.150974
19980938 -4.199369 3.549429 -7.731989
39961875 -3.634037 3.017633 -7.755944
59942813 -3.030376 1.944458 -7.880509
79923750 0.150819 -1.069054 -10.395761
99904688 3.288896 -4.595198 -11.986360
119885625 6.105979 -8.413590 -13.548211
139866563 9.526722 -14.445406 -13.447601
159847500 11.399986 -20.256836 -11.483309
179828438 9.272802 -24.583071 -12.015105
199809375 8.007989 -30.447203 -12.273817
219790313 7.945707 -37.427628 -8.618317
239771250 2.713982 -43.636707 -6.740262
259752188 -5.234216 -48.959461 -6.045573
279733125 -12.056540 -52.164612 -3.832150
299714063 -21.058746 -46.985588 1.466648
319695000 -23.914158 -38.534336 7.105605
339675938 -23.502134 -33.211586 10.454484
359656875 -25.940733 -26.992922 1.356456
379637813 -19.017799 -24.022530 -15.296910
399618750 -12.367950 -25.977240 -19.393181
419599636 -13.699837 -32.291721 -7.056465
439580521 -14.241215 -31.391022 7.302034
459561407 -21.509096 -21.876181 10.075998
479542292 -28.321838 -17.152296 2.142173
499523177 -30.008255 -13.367440 -8.771627
519504063 -30.137611 -5.649209 -15.392730
539484948 -26.817478 0.119104 -15.033408
559465834 -20.205957 -0.594749 -10.894021
579446719 -13.992086 -3.972374 -5.135291
599427604 -10.116201 -4.370023 -2.500264
619408490 -10.125784 -3.622634 -5.001144
639389375 -9.795208 -3.301640 -8.594361
659370261 -8.650169 -2.549459 -11.076077
679351146 -8.190237 -2.022454 -11.928868
699332032 -7.179345 -2.568623 -11.952823
719312917 -6.058261 -3.344758 -9.940620
739293802 -5.818713 -3.622634 -7.727199
759274688 -6.374464 -3.354340 -7.104374
779255573 -6.647549 -2.980646 -7.794271
799236459 -7.059571 -2.971064 -8.445842
819217344 -6.733786 -3.234566 -9.039921
839198229 -6.633176 -3.028555 -8.503333
859179115 -7.634486 -2.726725 -8.038610
879160000 -7.811751 -3.397459 -7.688871
899140886 -6.963752 -3.886137 -8.335650
919121771 -5.943278 -4.346068 -8.608734
939102657 -5.823504 -4.029865 -9.111785
959083542 -5.416273 -4.005910 -10.323897
979064427 -5.373154 -3.737617 -10.280779
999045313 -5.032996 -3.253730 -9.576508
1019026198 -4.189788 -3.488487 -9.078248
1039007084 -3.399280 -3.464532 -7.583470
1058987969 -5.310872 -3.498069 -5.868307
1078968854 -6.614012 -2.755471 -5.461076
1098949740 -8.075254 -1.107381 -5.906635
1118930625 -8.530396 -1.481076 -7.080419
1138911511 -7.725514 -1.821234 -9.102203
1158892396 -7.399729 -1.528986 -10.026858
1178873282 -6.465492 -1.873935 -8.867446
1198854167 -5.670193 -2.338657 -7.209775
1218835052 -5.617493 -1.859562 -7.693662
1238815938 -5.742058 -1.687087 -9.178859
1258796823 -7.073944 -1.179246 -9.686700
1278777709 -7.600949 -1.069054 -9.375288
1298758594 -7.629695 -0.973235 -8.992011
1318739479 -8.583096 -0.446229 -8.718926
1338720365 -9.354439 0.171804 -8.187130
1358701250 -9.201128 0.650900 -6.069527
1378682136 -7.236836 -0.661822 -6.721097
1398663021 -5.560001 -0.537257 -8.191921
1418643907 -6.695458 0.267623 -6.280329
1438624792 -7.236836 0.660482 -4.292082
1458605677 -7.668023 0.617363 -5.082590
1478586563 -5.756431 0.301160 -8.565616
1498567448 -7.447639 1.532436 -7.478069
1518548334 -9.799999 2.399599 -5.331720
1538529219 -9.732925 2.145679 -4.488512
1558510104 -8.022552 1.455781 -5.235901
1578490990 -7.979434 1.891758 -4.541212
1598471875 -8.837015 2.428345 -3.875269
1618452761 -6.494238 1.221024 -6.155765
1638433646 -3.940658 1.575555 -7.957165
1658414532 -6.412792 2.265452 -5.657505
1678395417 -7.941107 2.912232 -4.656195
1698376250 -7.663231 2.816412 -5.096963
1718357084 -6.321764 2.950559 -6.112646
1738337917 -5.828295 2.988887 -5.681460
1758318750 -6.321764 2.907441 -4.732850
1778299584 -7.749469 3.396118 -3.870478
1798291042 -7.811751 3.549429 -4.378319
1818282500 -6.273854 3.305090 -5.542522
1838273959 -5.421063 3.324254 -6.639651
1858265417 -5.967233 3.721903 -6.232420
1878307552 -6.867933 3.530265 -5.216737
