0 -6.752950 4.114762 -6.716307
19975886 -6.604430 3.999779 -6.419267
39951771 -6.757740 4.081225 -5.834770
59927657 -6.982915 4.157881 -5.379630
79906042 -7.169763 4.287237 -5.480239
99884428 -6.843978 4.253700 -6.246793
119862813 -6.187617 4.124344 -6.586951
139841198 -5.890577 3.745858 -6.333030
159819584 -5.133606 3.563802 -6.443222
179851980 -4.515573 3.290717 -6.639651
199883334 -4.903640 3.410491 -6.424058
219914688 -4.937177 3.329045 -6.725888
239946042 -4.371844 3.142198 -7.051673
259977396 -4.161042 2.897859 -7.018137
280008750 -4.764702 3.022424 -6.491132
299989584 -6.072634 3.439237 -5.667087
319970417 -6.005560 3.717112 -5.144873
339951250 -6.331346 4.488457 -5.120918
359932084 -8.343548 5.623914 -5.456285
379912917 -10.034756 7.842127 -4.838252
399893750 -12.516472 10.553808 -2.121779
419874584 -15.319181 11.837785 -1.206706
439855417 -16.358818 11.828203 -2.423609
459836250 -15.328762 11.952768 -4.684941
479817084 -16.991224 13.318191 -2.691903
499809375 -22.711628 15.018980 2.827280
519801667 -29.184210 13.615230 7.627819
539793959 -31.531778 8.258940 7.076859
559786250 -29.917227 1.829475 1.782851
579832448 -28.499104 -3.215403 -0.746774
599791042 -28.432030 -7.723693 -1.173169
619749636 -27.641521 -11.628323 -2.509846
639708230 -26.357546 -13.688435 -1.829530
659666823 -25.054405 -15.571280 -0.617418
679625417 -23.612328 -16.246805 -0.512017
699584896 -21.782181 -16.812138 -4.938861
719544375 -21.480350 -16.404907 -7.176239
739503855 -20.641933 -17.439754 -7.856554
759463334 -13.838776 -20.395775 -9.998112
779422813 -7.203300 -20.127481 -10.405343
799383959 -7.428474 -17.425381 -7.650543
819345105 -8.147118 -15.532953 -6.797753
839306250 -6.350509 -14.349586 -7.482860
859267396 -3.696319 -13.257248 -6.931900
879228542 -2.565653 -11.858289 -6.150974
899192084 -1.430196 -10.277273 -6.481550
919155625 -0.773835 -8.748958 -7.554724
939119167 -0.773835 -7.326044 -6.970227
959082709 -0.074355 -6.822993 -7.310385
979046250 1.894728 -6.329525 -9.308214
999021875 2.924784 -5.447988 -12.201952
1018997500 2.977484 -4.154430 -13.778177
1038973125 2.254050 -3.613052 -11.186270
1058948750 1.923474 -3.728035 -8.110475
1078927032 1.109011 -2.841708 -8.766836
1098905313 -1.952411 -1.576895 -9.748982
1118883594 -3.931076 -0.963653 -10.199332
1138861875 -4.084386 -0.786387 -12.177998
1158840157 -4.098760 -0.230636 -13.025997
1178876511 -4.620974 -0.024625 -12.173206
1198911198 -3.523845 0.095149 -11.559964
1218945886 -2.455461 0.468844 -11.085659
1238980573 -2.651891 1.053340 -10.079558
1259015261 -3.001630 1.829475 -9.423198
1279049948 -2.311733 2.126515 -9.619627
1299030782 -1.789518 2.404390 -10.046021
1319011615 -2.465043 2.797249 -10.184959
1338992448 -3.016003 2.998469 -9.950203
1358973282 -3.030376 2.591238 -9.586090
1378954115 -2.872274 2.145679 -9.451943
1398934896 -3.159732 2.150470 -9.380078
1418915678 -3.466353 2.069023 -9.427988
1438896459 -3.571754 1.954040 -9.490271
1458877240 -3.471144 1.532436 -9.384870
1478858021 -2.905811 1.029386 -8.900983
1498850990 -2.829156 0.895239 -9.289050
1518843959 -3.083076 1.067713 -9.241141
1538836928 -3.428025 1.120414 -9.313005
1558829896 -3.749020 1.398289 -9.418406
1578880521 -4.304770 1.939667 -9.346542
1598837657 -4.865313 2.394808 -9.039921
1618794792 -5.119233 2.409181 -9.025548
1638751928 -3.480726 2.011532 -9.571717
1658709063 -3.159732 2.298989 -8.560825
1678666198 -4.280816 2.734966 -7.430159
1698624271 -5.104860 3.166152 -7.679289
1718582344 -5.411482 3.386536 -8.603944
1738540417 -5.234216 3.424864 -8.910564
1758498490 -4.894058 3.444028 -8.814746
1778456563 -4.922804 3.549429 -8.254204
1798416407 -4.946759 3.645248 -7.746362
1818376250 -4.592228 3.616502 -7.554724
1838336094 -4.414963 4.018943 -7.684080
1858295938 -4.290398 4.541157 -7.813436
1878255782 -4.285607 4.651349 -7.334340
1898218178 -4.745539 5.168773 -6.222838
1918180573 -5.492928 6.146128 -5.398793
1938142969 -6.168453 7.176184 -5.274229
1958105365 -6.087007 7.257630 -5.298183
1978067761 -6.005560 6.855189 -5.532940
1998043073 -6.350509 6.596478 -6.026409
2018018386 -6.393628 6.510241 -6.888781
2037993698 -5.880995 6.126964 -7.497232
2057969011 -5.032996 5.389157 -7.171447
