0 -6.901469 5.413112 -3.592602
19980938 -7.668023 5.786806 -3.606975
39961875 -8.338757 6.126964 -3.276399
59942813 -7.864452 5.738896 -2.562547
79923750 -7.596158 5.657450 -2.907496
99904688 -7.361401 5.743688 -3.870478
119885625 -7.160181 5.906580 -3.367428
139866563 -7.145808 5.892207 -2.581711
159847500 -6.719413 5.724524 -2.917078
179828438 -6.585266 5.686196 -3.827359
199809375 -6.609221 5.882625 -4.225009
219790313 -7.026034 6.103009 -3.927969
239771250 -7.236836 6.079054 -3.693213
259752188 -6.676294 6.088636 -4.133981
279733125 -6.542148 6.558150 -5.087381
299714063 -7.102690 7.406149 -4.886161
319695000 -6.240317 9.092566 -4.569958
339675938 -3.777765 10.721492 -5.652714
359656875 -2.532116 9.154849 -4.038162
379637813 -2.340478 7.473223 -2.021169
399618750 -0.390559 2.754130 -5.164036
419599688 5.243607 -5.534225 -9.174067
439580625 11.941364 -13.434514 -10.314315
459561563 13.527172 -19.475910 -6.136600
479542500 10.341185 -24.046484 -5.930590
499523438 8.381683 -27.860086 -9.451943
519504375 5.277143 -31.132309 -10.994631
539485313 1.449169 -32.296513 -8.723718
559466250 0.150819 -33.949390 -4.478930
579447188 -0.931937 -37.628845 -2.346954
599428125 -4.961132 -40.383648 -1.580401
619409063 -10.897127 -41.313091 -3.223699
639390000 -15.151497 -40.493839 -6.127019
659370938 -19.904127 -37.657593 -5.159245
679351875 -22.472080 -33.197212 -4.838252
699332813 -23.641073 -33.072647 -5.676669
719313750 -26.300055 -36.253841 -8.311695
739294688 -28.422447 -32.100082 -7.113956
759275625 -37.371960 -15.758128 -3.745913
779256563 -42.924679 0.770674 -0.583882
799237500 -28.120617 0.435307 -1.067768
819218438 -12.712900 -11.302538 -7.559515
839199375 -10.178484 -8.777703 -9.763355
859180313 -20.498205 0.176595 -7.133120
879161250 -23.688982 4.967553 -5.302974
899142188 -17.796104 3.880005 -5.307765
919123125 -11.912811 0.598199 -6.299493
939104063 -9.052608 -0.724105 -8.273368
959085000 -7.969853 -0.268964 -9.380078
979065938 -7.481175 -0.503721 -9.274677
999046875 -6.431955 -1.327765 -9.097412
1019027813 -6.431955 -1.720624 -8.805163
1039008750 -8.975954 -0.312082 -7.080419
1058989688 -10.983364 2.361272 -4.263337
1078970625 -8.918463 1.321634 -5.623968
1098951563 -5.679775 -1.126545 -10.400553
1118932500 -3.978985 -2.204510 -13.433228
1138913438 -3.964612 -2.276375 -13.634449
1158894375 -4.170624 -1.941008 -11.718065
1178875313 -4.735957 -2.132646 -10.563445
1198856250 -4.918013 -2.175765 -10.793411
1218837188 -5.569583 -1.711042 -10.290360
1238818125 -6.590057 -1.744579 -10.290360
1258799063 -6.470283 -2.108691 -10.074767
1278780000 -7.030825 -1.811652 -9.126158
1298760938 -7.030825 -2.266793 -9.221977
1318741875 -6.719413 -2.324285 -9.236350
1338722813 -7.193718 -2.233256 -8.814746
1358703750 -6.570893 -2.736307 -9.634000
1378684688 -4.922804 -3.593888 -9.782519
1398665625 -4.084386 -4.111311 -9.178859
1418646563 -2.206331 -4.614362 -9.902293
1438627500 1.089847 -6.061231 -10.074767
1458608438 2.608580 -6.420553 -10.338270
1478589375 0.342458 -4.959311 -10.874857
1498570313 -2.091348 -3.780735 -10.515535
1518551250 -3.408862 -3.316013 -9.744191
1538532188 -4.462872 -2.942318 -8.599153
1558513125 -5.267753 -2.252420 -8.273368
1578494063 -4.161042 -2.271584 -9.111785
1598475000 -5.660612 -1.682296 -7.899673
1618455938 -4.956341 -1.739788 -7.971538
1638436875 -3.519054 -1.562522 -7.593052
1658417813 -2.100930 -2.697979 -7.090001
1678398750 -2.072185 -3.143538 -7.224148
1698379688 -2.901020 -3.086047 -7.914045
1718360625 -4.625765 -2.367403 -8.958474
1738341563 -6.786486 -1.255901 -9.911875
1758322500 -6.800859 -1.040308 -9.681909
1778303438 -6.321764 -0.762432 -8.872237
1798284375 -6.503820 -0.685777 -7.027719
1818265313 -6.350509 -0.599540 -6.457595
1838246250 -4.812612 -1.164873 -8.608734
1858227188 -4.855731 -0.671404 -9.691491
1878208125 -6.594848 -0.077326 -8.570407
1898189063 -6.906260 0.123895 -7.640961
1918170000 -5.924114 -0.062953 -7.961955
1938150938 -5.928905 0.262832 -7.789481
1958131875 -6.776905 0.751510 -7.157074
1978112813 -7.246418 0.880866 -6.855244
