0 -6.820023 4.411801 -7.296012
19980938 -5.468973 3.587757 -8.076939
39961875 -4.362262 3.300299 -8.172757
59942813 -5.023414 3.530265 -7.894882
79923750 -6.110961 3.942287 -7.224148
99904688 -6.800859 4.445338 -7.123538
119885625 -5.722894 3.966242 -7.185820
139866563 -4.865313 3.688367 -7.305594
159847500 -5.603120 3.832095 -7.085210
179828438 -6.422374 4.057271 -6.893572
199809375 -5.339617 3.755440 -6.802544
219790313 -4.649720 3.731485 -6.903154
239771250 -5.253380 3.942287 -6.955854
259752188 -5.536047 4.090807 -7.200193
279733125 -5.047369 3.990197 -7.137911
299714063 -4.932386 3.937496 -6.591742
319695000 -3.998149 3.587757 -6.620487
339675938 -3.681946 3.616502 -6.601324
359656875 -4.568273 3.784186 -6.697143
379637813 -4.093968 3.511101 -7.070837
399618750 -2.881856 3.501519 -7.396623
419599688 -1.918874 4.785496 -6.749843
439580625 -6.470283 9.303369 2.937472
459561563 -20.124510 15.895725 10.104744
479542500 -26.501274 16.322121 6.784611
499523386 -18.720760 13.064270 1.648704
519504271 -17.264309 8.282895 -0.674910
539485157 -18.797415 5.092117 -0.138323
559466042 -20.095764 3.683576 -0.722819
579446927 -20.948555 3.238017 -3.765077
599427813 -23.923738 2.433136 -8.714135
619408698 -27.924189 -0.005461 -14.554313
639389584 -30.683781 -4.365232 -17.131847
659370469 -29.931599 -8.892687 -14.367465
679351355 -29.893272 -13.353067 -12.384008
699332240 -28.297884 -17.736794 -11.363535
719313125 -25.250835 -19.931051 -9.921457
739294011 -22.888893 -20.367029 -8.924938
759274896 -18.600986 -21.052135 -9.289050
779255782 -11.649307 -21.052135 -7.755944
799234896 -5.009041 -19.911888 -8.249413
819214011 -3.078286 -16.251596 -9.758564
839193125 -6.331346 -13.084774 -9.581299
859172240 -7.735096 -10.833024 -9.614836
879151719 -6.384046 -9.941906 -8.460215
899131615 -4.482036 -9.376573 -7.008555
919111927 -2.747710 -8.427963 -6.577369
939092657 -2.340478 -7.143987 -7.832600
959073802 -1.506852 -6.295988 -7.851764
979055313 -0.122265 -5.692327 -6.352194
999037188 1.803700 -5.361751 -5.633550
1019019375 2.043248 -4.130475 -8.024238
1039001771 -1.133157 -1.816443 -11.133569
1058984323 -3.595709 -0.422275 -10.472417
1078966980 -1.597880 -0.518094 -8.187130
1098949636 0.280175 -0.743269 -7.688871
1118931667 0.792808 -0.465393 -8.402723
1138912605 0.783226 -0.604331 -8.886610
1158893490 0.548469 -0.494139 -9.883129
1178874375 0.174774 -0.264173 -10.549072
1198855261 0.150819 0.095149 -10.898812
1218836146 0.629915 -0.062953 -11.066496
1238817032 0.764062 -0.292919 -10.616145
1258797917 0.797599 -0.254591 -10.333479
1278778802 1.037147 -0.479766 -10.381389
1298759688 0.649079 -0.359992 -10.673637
1318740573 0.232266 -0.359992 -11.052123
1338721459 -0.644479 -0.096489 -11.727648
1358702344 -1.243349 -0.082117 -11.478518
1378683230 -0.807372 0.114313 -11.100032
1398664115 -1.856592 0.540708 -9.681909
1418645000 -1.573925 0.689228 -10.237660
1438625886 -0.869654 0.464053 -11.234179
1458606771 -0.965474 0.579036 -10.836530
1478587657 -1.698490 1.235397 -9.619627
1498568542 -1.851801 1.628255 -8.043402
1518549427 -1.343959 1.633046 -7.890091
1538530313 -1.377496 1.738447 -9.351333
1558511198 -1.511643 1.858221 -10.141841
1578492084 -1.439778 1.800730 -9.940620
1598472969 -1.588298 1.987577 -9.662745
1618453855 -1.650580 2.011532 -9.614836
1638434740 -1.272095 1.863012 -9.940620
1658415625 -1.248140 1.834266 -10.505954
1678396511 -1.075665 1.738447 -10.247242
1698377396 -0.922355 1.891758 -9.725028
1718358282 -0.975055 2.045069 -8.508124
1738339167 -0.898400 1.886967 -7.516397
1758320052 -0.898400 1.786357 -8.311695
1778300938 -1.650580 1.910922 -9.044712
1798281823 -2.647099 2.035486 -9.586090
1818262709 -3.025585 1.829475 -10.989841
1838243594 -2.920184 1.719283 -12.197162
1858224480 -3.054331 1.757611 -11.387489
1878205365 -3.020794 1.834266 -10.429298
1898186250 -2.781246 1.982786 -10.228078
1918167136 -3.365743 2.495418 -10.266406
1938148021 -4.122714 3.142198 -9.552553
1958128907 -3.768183 3.329045 -8.508124
1978109792 -3.423234 3.228435 -7.430159
1998090677 -3.471144 3.381745 -6.951064
2018071563 -3.777765 3.578175 -7.502024
2038052448 -4.563482 4.009361 -7.387041
2058033334 -5.239007 4.430965 -5.849144
2078014219 -5.416273 4.665722 -4.129189
2097995105 -5.713312 4.943598 -4.833460
2117975990 -6.087007 5.427485 -6.165347
2137956875 -6.149289 5.326874 -6.127019
2157937761 -6.230735 5.269383 -5.518567
2177918646 -6.733786 5.346038 -5.796443
